   id   | start_year | start_day | start_time | end_year | end_day | end_time | density 
--------+------------+-----------+------------+----------+---------+----------+---------
 129416 |       2011 |       144 |       2115 |     2011 |     145 |       15 |       2
 129415 |       2011 |       144 |       2115 |     2011 |     145 |       15 |       2
 129618 |       2011 |       145 |       2015 |     2011 |     146 |      145 |       2
 129666 |       2011 |       146 |       1130 |     2011 |     146 |     1330 |       2
 130942 |       2011 |       157 |       1300 |     2011 |     157 |     1500 |       2
 131121 |       2011 |       158 |       2145 |     2011 |     159 |       45 |       2
 131067 |       2011 |       158 |       1130 |     2011 |     158 |     1300 |       2
 131305 |       2011 |       159 |       2215 |     2011 |     160 |       15 |       2
 131837 |       2011 |       163 |       1300 |     2011 |     163 |     1430 |       2
 131979 |       2011 |       164 |       1300 |     2011 |     164 |     1500 |       2
 132091 |       2011 |       165 |       1300 |     2011 |     165 |     1500 |       2
 132129 |       2011 |       165 |       2115 |     2011 |     165 |     2315 |       2
 133412 |       2011 |       175 |       2245 |     2011 |     176 |       45 |       2
 133296 |       2011 |       175 |       1045 |     2011 |     175 |     1415 |       2
 133377 |       2011 |       175 |       2115 |     2011 |     175 |     2315 |       2
 133387 |       2011 |       175 |       2215 |     2011 |     176 |       15 |       2
 133304 |       2011 |       175 |       1400 |     2011 |     175 |     1500 |       2
 133309 |       2011 |       175 |       1400 |     2011 |     175 |     1530 |       3
 133428 |       2011 |       176 |       1100 |     2011 |     176 |     1400 |       2
 133431 |       2011 |       176 |       1100 |     2011 |     176 |     1400 |       2
 133467 |       2011 |       176 |       1100 |     2011 |     176 |     1400 |       2
 133427 |       2011 |       176 |       1100 |     2011 |     176 |     1400 |       3
 133430 |       2011 |       176 |       1100 |     2011 |     176 |     1400 |       2
 133506 |       2011 |       176 |       2015 |     2011 |     177 |      145 |       2
 133508 |       2011 |       176 |       2015 |     2011 |     177 |      145 |       3
 133648 |       2011 |       177 |       1130 |     2011 |     177 |     1530 |       2
 133649 |       2011 |       177 |       1130 |     2011 |     177 |     1530 |       2
 134493 |       2011 |       182 |       2245 |     2011 |     183 |       45 |       2
 134486 |       2011 |       182 |       2245 |     2011 |     183 |       45 |       2
 134492 |       2011 |       182 |       2245 |     2011 |     183 |       45 |       2
 134491 |       2011 |       182 |       2245 |     2011 |     183 |       45 |       3
 134863 |       2011 |       186 |       1415 |     2011 |     186 |     1545 |       2
 135661 |       2011 |       196 |       1300 |     2011 |     196 |     1500 |       2
 135935 |       2011 |       199 |       2115 |     2011 |     199 |     2315 |       3
 135896 |       2011 |       199 |       1145 |     2011 |     199 |     1515 |       2
 135934 |       2011 |       199 |       2115 |     2011 |     199 |     2315 |       2
 135895 |       2011 |       199 |       1145 |     2011 |     199 |     1515 |       3
 135964 |       2011 |       200 |       1145 |     2011 |     200 |     1515 |       3
 135986 |       2011 |       200 |       2115 |     2011 |     200 |     2315 |       2
 135988 |       2011 |       200 |       2115 |     2011 |     200 |     2315 |       3
 135989 |       2011 |       200 |       2115 |     2011 |     200 |     2315 |       2
 135965 |       2011 |       200 |       1145 |     2011 |     200 |     1515 |       2
 136025 |       2011 |       201 |       1115 |     2011 |     201 |     1445 |       2
 136933 |       2011 |       213 |       1515 |     2011 |     213 |     1715 |       2
 136915 |       2011 |       213 |       1115 |     2011 |     213 |     1315 |       3
 136925 |       2011 |       213 |       1315 |     2011 |     213 |     1515 |       2
 136913 |       2011 |       213 |       1115 |     2011 |     213 |     1315 |       2
 136911 |       2011 |       213 |       1115 |     2011 |     213 |     1315 |       2
 137142 |       2011 |       215 |       2145 |     2011 |     215 |     2315 |       2
 137141 |       2011 |       215 |       2145 |     2011 |     215 |     2315 |       3
 137108 |       2011 |       215 |       1415 |     2011 |     215 |     1545 |       3
 137103 |       2011 |       215 |       1415 |     2011 |     215 |     1545 |       2
 137180 |       2011 |       216 |       1200 |     2011 |     216 |     1530 |       2
 137588 |       2011 |       219 |       2145 |     2011 |     219 |     2345 |       3
 137591 |       2011 |       219 |       2145 |     2011 |     219 |     2345 |       2
 139350 |       2011 |       237 |       2115 |     2011 |     237 |     2315 |       2
 139424 |       2011 |       238 |       1545 |     2011 |     238 |     1715 |       2
 139405 |       2011 |       238 |       1200 |     2011 |     238 |     1330 |       2
 141166 |       2011 |       250 |       1300 |     2011 |     250 |     1400 |       2
 141431 |       2011 |       251 |       2015 |     2011 |     251 |     2215 |       2
 141360 |       2011 |       251 |       1230 |     2011 |     251 |     1430 |       2
 141498 |       2011 |       251 |       2215 |     2011 |     252 |       15 |       2
 141499 |       2011 |       251 |       2215 |     2011 |     252 |       15 |       3
 141707 |       2011 |       252 |       2115 |     2011 |     252 |     2315 |       2
 141718 |       2011 |       252 |       2145 |     2011 |     252 |     2245 |       2
 141936 |       2011 |       253 |       2145 |     2011 |     253 |     2345 |       3
 142092 |       2011 |       254 |       2145 |     2011 |     254 |     2345 |       2
 142078 |       2011 |       254 |       2145 |     2011 |     254 |     2345 |       2
 142090 |       2011 |       254 |       2145 |     2011 |     254 |     2345 |       3
 141990 |       2011 |       254 |       1200 |     2011 |     254 |     1330 |       2
 142062 |       2011 |       254 |       1945 |     2011 |     254 |     2115 |       3
 142063 |       2011 |       254 |       1945 |     2011 |     254 |     2115 |       2
 142093 |       2011 |       254 |       2145 |     2011 |     254 |     2345 |       3
 142135 |       2011 |       255 |       1230 |     2011 |     255 |     1400 |       2
 142228 |       2011 |       255 |       2045 |     2011 |     256 |       45 |       2
 142315 |       2011 |       256 |       1745 |     2011 |     256 |     1945 |       3
 142294 |       2011 |       256 |       1315 |     2011 |     256 |     1415 |       2
 142309 |       2011 |       256 |       1745 |     2011 |     256 |     1945 |       2
 142342 |       2011 |       256 |       1945 |     2011 |     256 |     2145 |       2
 142533 |       2011 |       258 |       1945 |     2011 |     259 |      115 |       2
 142591 |       2011 |       259 |       1100 |     2011 |     259 |     1400 |       2
 142590 |       2011 |       259 |       1100 |     2011 |     259 |     1400 |       2
(82 rows)

